a=[15 3 22;3 8 5;14 3 82]
b=[1;5;6]
c=[12 18 5 2]
d=a(:,3)
e=[b,d]
f=[b;d]
f2=c(:,[1:3])
g=[a;f2]
h=[a(1,3),c(1,2),b(2,1)]
